Pression, tour moteur, température, AFR, Duréé injection, Papillon, Cible AFR, Cor AFR 
46.28 , 1027 , 42 , 151.00 , 5598.90 , 17.00 , 105.00 , 0.94
45.97 , 1055 , 42 , 151.00 , 5607.45 , 17.00 , 105.00 , 0.94
46.28 , 1026 , 42 , 151.00 , 5598.59 , 17.00 , 105.00 , 0.94
47.53 , 994 , 42 , 151.00 , 5588.82 , 17.00 , 105.00 , 0.94
48.15 , 998 , 42 , 152.00 , 5590.04 , 17.00 , 105.00 , 0.94
48.47 , 1001 , 42 , 152.00 , 5590.96 , 17.00 , 105.00 , 0.94
48.15 , 982 , 42 , 152.00 , 5585.15 , 17.00 , 105.00 , 0.94
47.53 , 1032 , 42 , 152.00 , 5600.43 , 17.00 , 105.00 , 0.94
46.28 , 1056 , 42 , 152.00 , 5607.76 , 17.00 , 105.00 , 0.94
47.22 , 1008 , 42 , 152.00 , 5593.09 , 17.00 , 105.00 , 0.94
47.22 , 1003 , 42 , 153.00 , 5591.57 , 17.00 , 105.00 , 0.94
45.97 , 1085 , 42 , 153.00 , 5616.62 , 17.00 , 105.00 , 0.94
45.97 , 1040 , 42 , 152.00 , 5602.87 , 17.00 , 105.00 , 0.94
45.97 , 1085 , 42 , 152.00 , 5616.62 , 17.00 , 105.00 , 0.94
45.97 , 1040 , 42 , 153.00 , 5602.87 , 17.00 , 105.00 , 0.94
45.66 , 1061 , 42 , 153.00 , 5609.29 , 17.00 , 105.00 , 0.94
45.66 , 1051 , 42 , 151.00 , 5606.23 , 17.00 , 105.00 , 0.94
45.97 , 1067 , 42 , 151.00 , 5611.12 , 17.00 , 105.00 , 0.94
45.35 , 1074 , 42 , 151.00 , 5613.26 , 17.00 , 105.00 , 0.94
45.04 , 1102 , 42 , 151.00 , 5621.81 , 17.00 , 105.00 , 0.94
44.41 , 1092 , 42 , 151.00 , 5618.76 , 17.00 , 105.00 , 0.94
44.73 , 1089 , 42 , 151.00 , 5617.84 , 17.00 , 105.00 , 0.94
44.41 , 1085 , 42 , 150.00 , 5616.62 , 17.00 , 105.00 , 0.94
44.10 , 1108 , 42 , 150.00 , 5623.64 , 17.00 , 105.00 , 0.94
44.73 , 1073 , 42 , 150.00 , 5612.95 , 17.00 , 105.00 , 0.94
45.97 , 1036 , 42 , 150.00 , 5601.65 , 17.00 , 105.00 , 0.94
46.91 , 1017 , 42 , 151.00 , 5595.84 , 17.00 , 105.00 , 0.94
46.28 , 1050 , 42 , 151.00 , 5605.92 , 17.00 , 105.00 , 0.94
46.91 , 1005 , 42 , 151.00 , 5592.18 , 17.00 , 105.00 , 0.94
48.47 , 966 , 42 , 151.00 , 5580.26 , 17.00 , 105.00 , 0.94
48.47 , 966 , 42 , 151.00 , 5580.26 , 17.00 , 105.00 , 0.94
49.09 , 967 , 42 , 151.00 , 5580.57 , 17.00 , 105.00 , 0.94
48.78 , 966 , 42 , 151.00 , 5580.26 , 17.00 , 105.00 , 0.94
50.02 , 932 , 42 , 151.00 , 5711.63 , 17.00 , 105.00 , 0.94
51.27 , 915 , 42 , 152.00 , 5696.05 , 17.00 , 105.00 , 0.94
51.27 , 908 , 42 , 152.00 , 5689.63 , 17.00 , 105.00 , 0.94
49.71 , 971 , 42 , 152.00 , 5581.79 , 17.00 , 105.00 , 0.94
50.34 , 934 , 42 , 152.00 , 5713.46 , 17.00 , 105.00 , 0.94
49.40 , 984 , 42 , 154.00 , 5585.76 , 17.00 , 105.00 , 0.94
48.47 , 1013 , 42 , 154.00 , 5594.62 , 17.00 , 105.00 , 0.94
46.60 , 1046 , 42 , 154.00 , 5604.70 , 17.00 , 105.00 , 0.94
46.60 , 1043 , 42 , 154.00 , 5603.79 , 17.00 , 105.00 , 0.94
45.66 , 1062 , 42 , 153.00 , 5609.59 , 17.00 , 105.00 , 0.94
46.28 , 1052 , 42 , 153.00 , 5606.54 , 17.00 , 105.00 , 0.94
46.28 , 1066 , 42 , 152.00 , 5610.81 , 17.00 , 105.00 , 0.94
46.60 , 1054 , 42 , 152.00 , 5607.15 , 17.00 , 105.00 , 0.94
46.60 , 1046 , 42 , 152.00 , 5604.70 , 17.00 , 105.00 , 0.94
46.91 , 1043 , 42 , 152.00 , 5603.79 , 17.00 , 105.00 , 0.94
46.60 , 1062 , 42 , 152.00 , 5609.59 , 17.00 , 105.00 , 0.94
45.66 , 1096 , 42 , 152.00 , 5619.98 , 17.00 , 105.00 , 0.94
44.41 , 1089 , 42 , 153.00 , 5617.84 , 17.00 , 105.00 , 0.94
45.35 , 1064 , 42 , 153.00 , 5610.20 , 17.00 , 105.00 , 0.94
46.60 , 1011 , 42 , 150.00 , 5594.01 , 17.00 , 105.00 , 0.94
47.53 , 1006 , 42 , 150.00 , 5592.48 , 17.00 , 105.00 , 0.94
46.28 , 1042 , 42 , 151.00 , 5603.48 , 17.00 , 105.00 , 0.94
47.53 , 1002 , 42 , 151.00 , 5591.26 , 17.00 , 105.00 , 0.94
46.91 , 1040 , 42 , 152.00 , 5602.87 , 17.00 , 105.00 , 0.94
46.28 , 1084 , 42 , 152.00 , 5616.31 , 17.00 , 105.00 , 0.94
45.35 , 1083 , 42 , 151.00 , 5616.01 , 17.00 , 105.00 , 0.94
45.35 , 1061 , 42 , 151.00 , 5609.29 , 17.00 , 105.00 , 0.94
46.28 , 1050 , 42 , 152.00 , 5605.92 , 17.00 , 105.00 , 0.94
46.60 , 1045 , 42 , 152.00 , 5604.40 , 17.00 , 105.00 , 0.94
46.28 , 1062 , 42 , 152.00 , 5609.59 , 17.00 , 105.00 , 0.94
46.60 , 1031 , 42 , 152.00 , 5600.12 , 17.00 , 105.00 , 0.94
45.66 , 1055 , 42 , 152.00 , 5607.45 , 17.00 , 105.00 , 0.94
46.91 , 1028 , 42 , 152.00 , 5599.20 , 17.00 , 105.00 , 0.94
45.97 , 1054 , 42 , 151.00 , 5607.15 , 17.00 , 105.00 , 0.94
46.91 , 1027 , 42 , 151.00 , 5598.90 , 17.00 , 105.00 , 0.94
46.28 , 1033 , 42 , 151.00 , 5600.73 , 17.00 , 105.00 , 0.94
46.91 , 1017 , 42 , 151.00 , 5595.84 , 17.00 , 105.00 , 0.94
46.60 , 1048 , 42 , 151.00 , 5605.31 , 18.00 , 105.00 , 0.94
48.47 , 1066 , 42 , 151.00 , 5610.81 , 19.00 , 105.00 , 0.94
52.20 , 1031 , 42 , 151.00 , 5802.36 , 20.00 , 105.00 , 0.94
55.94 , 1035 , 42 , 151.00 , 5806.03 , 22.00 , 105.00 , 0.94
58.44 , 1101 , 42 , 152.00 , 5866.82 , 23.00 , 105.00 , 0.94
61.24 , 1138 , 42 , 152.00 , 5912.04 , 25.00 , 105.00 , 0.94
62.80 , 1211 , 42 , 154.00 , 6001.24 , 26.00 , 105.00 , 0.94
63.42 , 1251 , 42 , 154.00 , 6050.12 , 26.00 , 105.00 , 0.94
62.49 , 1303 , 42 , 159.00 , 6113.67 , 27.00 , 105.00 , 0.94
60.62 , 1443 , 42 , 159.00 , 6284.75 , 26.00 , 105.00 , 0.94
60.31 , 1399 , 42 , 165.00 , 6230.98 , 26.00 , 105.00 , 0.94
60.31 , 1418 , 42 , 165.00 , 6254.20 , 26.00 , 105.00 , 0.94
57.81 , 1466 , 42 , 165.00 , 6312.85 , 26.00 , 105.00 , 0.94
59.37 , 1452 , 42 , 165.00 , 6295.74 , 27.00 , 105.00 , 0.94
57.81 , 1573 , 42 , 163.00 , 6399.00 , 27.00 , 105.00 , 0.94
58.75 , 1548 , 42 , 163.00 , 6383.73 , 27.00 , 105.00 , 0.94
57.50 , 1627 , 42 , 160.00 , 6432.00 , 27.00 , 105.00 , 0.94
56.57 , 1673 , 42 , 160.00 , 6460.10 , 27.00 , 105.00 , 0.94
55.32 , 1694 , 42 , 160.00 , 6472.93 , 27.00 , 105.00 , 0.94
55.32 , 1707 , 42 , 160.00 , 6480.88 , 27.00 , 105.00 , 0.94
54.07 , 1770 , 42 , 158.00 , 6519.37 , 27.00 , 105.00 , 0.94
55.01 , 1747 , 42 , 158.00 , 6505.32 , 27.00 , 105.00 , 0.94
53.45 , 1853 , 42 , 155.00 , 6570.08 , 27.00 , 105.00 , 0.94
53.45 , 1848 , 42 , 155.00 , 6567.03 , 27.00 , 105.00 , 0.94
52.83 , 1841 , 42 , 154.00 , 6562.75 , 27.00 , 105.00 , 0.94
52.52 , 1908 , 42 , 154.00 , 6603.69 , 27.00 , 105.00 , 0.94
52.83 , 1870 , 42 , 154.00 , 6580.47 , 27.00 , 105.00 , 0.94
52.52 , 1924 , 42 , 154.00 , 6613.46 , 28.00 , 105.00 , 0.94
52.20 , 1945 , 42 , 152.00 , 6626.29 , 28.00 , 105.00 , 0.94
52.83 , 1893 , 42 , 152.00 , 6594.52 , 28.00 , 105.00 , 0.94
52.83 , 1931 , 42 , 152.00 , 6617.74 , 28.00 , 105.00 , 0.94
54.07 , 1958 , 42 , 152.00 , 6634.24 , 29.00 , 105.00 , 0.94
52.52 , 2040 , 42 , 152.00 , 6684.34 , 28.00 , 105.00 , 0.94
53.45 , 2006 , 42 , 152.00 , 6663.57 , 29.00 , 105.00 , 0.94
53.45 , 2067 , 42 , 152.00 , 6700.84 , 29.00 , 105.00 , 0.94
54.39 , 2017 , 42 , 152.00 , 6670.29 , 29.00 , 105.00 , 0.94
53.45 , 2072 , 42 , 152.00 , 6703.89 , 29.00 , 105.00 , 0.94
53.76 , 2105 , 42 , 152.00 , 6724.06 , 29.00 , 105.00 , 0.94
55.32 , 2030 , 42 , 152.00 , 6678.23 , 30.00 , 105.00 , 0.94
56.88 , 2083 , 42 , 152.00 , 6710.61 , 30.00 , 105.00 , 0.94
56.57 , 2104 , 42 , 153.00 , 6723.44 , 31.00 , 105.00 , 0.94
56.26 , 2119 , 42 , 153.00 , 6732.61 , 30.00 , 105.00 , 0.94
57.19 , 2123 , 42 , 153.00 , 6735.05 , 31.00 , 105.00 , 0.94
58.75 , 2127 , 42 , 153.00 , 6737.50 , 32.00 , 105.00 , 0.94
58.13 , 2125 , 42 , 152.00 , 6736.27 , 32.00 , 105.00 , 0.94
58.75 , 2131 , 42 , 152.00 , 6739.94 , 31.00 , 105.00 , 0.94
57.81 , 2126 , 42 , 152.00 , 6736.89 , 32.00 , 105.00 , 0.94
58.13 , 2129 , 42 , 152.00 , 6738.72 , 32.00 , 105.00 , 0.94
57.50 , 2224 , 42 , 152.00 , 6796.76 , 31.00 , 105.00 , 0.94
56.57 , 2176 , 42 , 152.00 , 6767.44 , 30.00 , 105.00 , 0.94
55.01 , 2148 , 42 , 152.00 , 6750.33 , 29.00 , 105.00 , 0.94
54.39 , 2141 , 42 , 152.00 , 6746.05 , 29.00 , 105.00 , 0.94
51.89 , 2231 , 42 , 151.00 , 6801.04 , 27.00 , 105.00 , 0.94
49.09 , 2088 , 42 , 151.00 , 5982.91 , 26.00 , 105.00 , 0.94
47.53 , 2108 , 42 , 152.00 , 5991.06 , 26.00 , 105.00 , 0.94
48.47 , 2041 , 42 , 152.00 , 5995.49 , 25.00 , 105.00 , 0.95
45.97 , 2084 , 42 , 152.00 , 5981.28 , 25.00 , 105.00 , 0.94
45.97 , 2029 , 42 , 152.00 , 5990.58 , 24.00 , 105.00 , 0.95
46.28 , 1925 , 42 , 159.00 , 5916.52 , 24.00 , 105.00 , 0.94
46.60 , 1955 , 42 , 159.00 , 5928.74 , 24.00 , 105.00 , 0.94
46.60 , 1895 , 42 , 154.00 , 5904.30 , 24.00 , 105.00 , 0.94
48.47 , 1806 , 42 , 154.00 , 5868.04 , 25.00 , 105.00 , 0.94
48.78 , 1822 , 42 , 161.00 , 5874.56 , 25.00 , 105.00 , 0.94
50.02 , 1772 , 42 , 161.00 , 6520.59 , 26.00 , 105.00 , 0.94
52.52 , 1802 , 42 , 153.00 , 6538.92 , 27.00 , 105.00 , 0.94
57.50 , 1759 , 42 , 153.00 , 6512.65 , 28.00 , 105.00 , 0.94
56.88 , 1795 , 42 , 151.00 , 6534.64 , 28.00 , 105.00 , 0.94
58.75 , 1757 , 42 , 151.00 , 6511.43 , 29.00 , 105.00 , 0.94
60.62 , 1856 , 42 , 154.00 , 6571.92 , 31.00 , 105.00 , 0.94
61.24 , 1848 , 42 , 154.00 , 6567.03 , 31.00 , 105.00 , 0.94
61.55 , 1909 , 42 , 153.00 , 6604.30 , 32.00 , 105.00 , 0.94
61.55 , 1944 , 42 , 153.00 , 6625.68 , 32.00 , 105.00 , 0.94
62.49 , 1958 , 42 , 154.00 , 6634.24 , 33.00 , 105.00 , 0.94
63.73 , 1968 , 42 , 154.00 , 6640.35 , 33.00 , 105.00 , 0.94
62.18 , 2047 , 42 , 156.00 , 6688.62 , 33.00 , 105.00 , 0.94
63.42 , 2009 , 42 , 156.00 , 6665.40 , 33.00 , 105.00 , 0.94
63.42 , 2067 , 42 , 156.00 , 6700.84 , 33.00 , 105.00 , 0.94
63.42 , 2101 , 42 , 156.00 , 6721.61 , 34.00 , 105.00 , 0.94
63.42 , 2111 , 42 , 156.00 , 6727.72 , 34.00 , 105.00 , 0.94
64.98 , 2124 , 42 , 156.00 , 6735.66 , 35.00 , 105.00 , 0.94
64.98 , 2218 , 42 , 156.00 , 6793.10 , 36.00 , 105.00 , 0.94
66.54 , 2173 , 42 , 156.00 , 6673.14 , 36.00 , 105.00 , 0.94
66.23 , 2246 , 42 , 155.00 , 6747.48 , 37.00 , 105.00 , 0.94
66.85 , 2190 , 42 , 155.00 , 6690.45 , 37.00 , 105.00 , 0.94
67.16 , 2257 , 42 , 155.00 , 6758.68 , 38.00 , 105.00 , 0.94
67.79 , 2294 , 42 , 155.00 , 6796.36 , 38.00 , 105.00 , 0.94
68.41 , 2266 , 42 , 154.00 , 6767.84 , 38.00 , 105.00 , 0.94
67.79 , 2416 , 42 , 154.00 , 6920.59 , 38.00 , 105.00 , 0.94
68.10 , 2323 , 42 , 154.00 , 6825.89 , 38.00 , 105.00 , 0.94
68.41 , 2398 , 42 , 154.00 , 6902.26 , 38.00 , 105.00 , 0.94
67.79 , 2429 , 42 , 153.00 , 6933.83 , 39.00 , 105.00 , 0.94
69.03 , 2335 , 42 , 153.00 , 6838.11 , 39.00 , 105.00 , 0.94
68.72 , 2517 , 42 , 154.00 , 7023.44 , 40.00 , 105.00 , 0.94
70.59 , 2374 , 42 , 154.00 , 6877.82 , 40.00 , 105.00 , 0.94
69.66 , 2541 , 42 , 154.00 , 7047.89 , 40.00 , 105.00 , 0.94
69.66 , 2508 , 42 , 154.00 , 7014.28 , 40.00 , 105.00 , 0.94
69.03 , 2483 , 42 , 152.00 , 6988.82 , 40.00 , 105.00 , 0.94
70.28 , 2479 , 42 , 152.00 , 6984.75 , 40.00 , 105.00 , 0.94
69.34 , 2600 , 42 , 152.00 , 7107.97 , 40.00 , 105.00 , 0.94
69.97 , 2538 , 42 , 152.00 , 7044.83 , 40.00 , 105.00 , 0.94
70.28 , 2499 , 42 , 152.00 , 7005.11 , 40.00 , 105.00 , 0.94
69.34 , 2621 , 42 , 152.00 , 7129.35 , 40.00 , 105.00 , 0.94
68.72 , 2674 , 42 , 152.00 , 7183.32 , 40.00 , 105.00 , 0.94
68.72 , 2573 , 42 , 152.00 , 7080.47 , 40.00 , 105.00 , 0.94
67.79 , 2652 , 42 , 152.00 , 7160.92 , 40.00 , 105.00 , 0.94
68.72 , 2561 , 42 , 152.00 , 7068.25 , 40.00 , 105.00 , 0.94
67.16 , 2645 , 42 , 151.00 , 7153.79 , 39.00 , 105.00 , 0.94
66.54 , 2694 , 42 , 151.00 , 7203.69 , 38.00 , 105.00 , 0.94
65.92 , 2569 , 42 , 152.00 , 7076.40 , 38.00 , 105.00 , 0.94
64.36 , 2658 , 42 , 152.00 , 7061.94 , 37.00 , 105.00 , 0.94
61.55 , 2690 , 42 , 152.00 , 7081.49 , 35.00 , 105.00 , 0.94
59.68 , 2576 , 42 , 152.00 , 7011.84 , 33.00 , 105.00 , 0.94
56.57 , 2649 , 42 , 151.00 , 7056.44 , 32.00 , 105.00 , 0.94
54.39 , 2695 , 42 , 151.00 , 7084.54 , 32.00 , 105.00 , 0.94
53.76 , 2573 , 42 , 152.00 , 7010.00 , 31.00 , 105.00 , 0.94
53.45 , 2522 , 42 , 152.00 , 6978.84 , 30.00 , 105.00 , 0.94
52.52 , 2487 , 42 , 161.00 , 6957.46 , 30.00 , 105.00 , 0.94
50.96 , 2484 , 42 , 161.00 , 6955.62 , 29.00 , 105.00 , 0.94
49.71 , 2469 , 42 , 154.00 , 6138.11 , 28.00 , 105.00 , 0.94
49.09 , 2468 , 42 , 154.00 , 6137.70 , 27.00 , 105.00 , 0.94
46.91 , 2463 , 42 , 162.00 , 6135.66 , 27.00 , 105.00 , 0.94
46.91 , 2352 , 42 , 162.00 , 6090.45 , 27.00 , 105.00 , 0.94
47.22 , 2296 , 42 , 166.00 , 6067.64 , 27.00 , 105.00 , 0.94
48.15 , 2273 , 42 , 166.00 , 6058.27 , 27.00 , 105.00 , 0.94
48.47 , 2197 , 42 , 169.00 , 6027.31 , 27.00 , 105.00 , 0.94
49.09 , 2268 , 42 , 169.00 , 6056.23 , 27.00 , 105.00 , 0.94
49.40 , 2195 , 42 , 170.00 , 6026.50 , 27.00 , 105.00 , 0.94
50.34 , 2081 , 42 , 170.00 , 6709.39 , 28.00 , 105.00 , 0.94
52.83 , 2105 , 42 , 156.00 , 6724.06 , 29.00 , 105.00 , 0.94
54.39 , 2120 , 42 , 156.00 , 6733.22 , 29.00 , 105.00 , 0.94
55.94 , 2123 , 42 , 153.00 , 6735.05 , 31.00 , 105.00 , 0.94
59.06 , 2041 , 42 , 153.00 , 6684.95 , 31.00 , 105.00 , 0.94
60.00 , 2087 , 42 , 152.00 , 6713.06 , 32.00 , 105.00 , 0.94
61.55 , 2110 , 42 , 152.00 , 6727.11 , 32.00 , 105.00 , 0.94
61.24 , 2213 , 42 , 152.00 , 6790.04 , 33.00 , 105.00 , 0.94
62.18 , 2173 , 42 , 152.00 , 6765.60 , 34.00 , 105.00 , 0.94
63.11 , 2148 , 42 , 152.00 , 6750.33 , 34.00 , 105.00 , 0.94
62.80 , 2240 , 42 , 152.00 , 6806.54 , 34.00 , 105.00 , 0.94
62.80 , 2286 , 42 , 152.00 , 6834.65 , 34.00 , 105.00 , 0.94
65.29 , 2168 , 42 , 152.00 , 6668.05 , 35.00 , 105.00 , 0.94
63.73 , 2348 , 42 , 152.00 , 6872.53 , 35.00 , 105.00 , 0.94
65.29 , 2196 , 42 , 152.00 , 6696.56 , 35.00 , 105.00 , 0.94
64.67 , 2368 , 42 , 152.00 , 6884.75 , 35.00 , 105.00 , 0.94
65.29 , 2307 , 42 , 152.00 , 6809.60 , 36.00 , 105.00 , 0.94
67.16 , 2269 , 42 , 152.00 , 6770.90 , 37.00 , 105.00 , 0.94
67.79 , 2414 , 42 , 152.00 , 6918.56 , 38.00 , 105.00 , 0.94
68.72 , 2322 , 42 , 153.00 , 6824.87 , 38.00 , 105.00 , 0.94
69.34 , 2397 , 42 , 153.00 , 6901.25 , 39.00 , 105.00 , 0.94
70.59 , 2425 , 42 , 153.00 , 6929.76 , 40.00 , 105.00 , 0.94
71.21 , 2447 , 42 , 153.00 , 6952.16 , 40.00 , 105.00 , 0.94
71.84 , 2453 , 42 , 153.00 , 6958.27 , 41.00 , 105.00 , 0.94
72.46 , 2463 , 42 , 153.00 , 6968.45 , 41.00 , 105.00 , 0.94
71.53 , 2591 , 42 , 153.00 , 7098.80 , 42.00 , 105.00 , 0.94
72.77 , 2528 , 42 , 153.00 , 7034.65 , 43.00 , 105.00 , 0.94
73.08 , 2491 , 42 , 154.00 , 6996.97 , 43.00 , 105.00 , 0.94
73.08 , 2616 , 42 , 154.00 , 7124.26 , 43.00 , 105.00 , 0.94
73.40 , 2538 , 42 , 154.00 , 7044.83 , 44.00 , 105.00 , 0.94
73.71 , 2637 , 42 , 154.00 , 7145.64 , 44.00 , 105.00 , 0.94
73.71 , 2685 , 42 , 153.00 , 7194.52 , 44.00 , 105.00 , 0.94
75.26 , 2577 , 42 , 153.00 , 7084.54 , 45.00 , 105.00 , 0.94
74.95 , 2649 , 42 , 153.00 , 7157.87 , 45.00 , 105.00 , 0.94
74.64 , 2701 , 42 , 153.00 , 7214.69 , 45.00 , 105.00 , 0.94
74.02 , 2718 , 42 , 154.00 , 7297.78 , 45.00 , 105.00 , 0.94
74.64 , 2732 , 42 , 154.00 , 7366.22 , 45.00 , 105.00 , 0.94
74.33 , 2730 , 42 , 153.00 , 7356.44 , 45.00 , 105.00 , 0.94
74.64 , 2737 , 42 , 153.00 , 7390.66 , 45.00 , 105.00 , 0.94
74.33 , 2733 , 42 , 153.00 , 7371.10 , 45.00 , 105.00 , 0.94
74.95 , 2739 , 42 , 153.00 , 7400.43 , 45.00 , 105.00 , 0.94
74.95 , 2733 , 42 , 154.00 , 7371.10 , 45.00 , 105.00 , 0.94
74.33 , 2900 , 42 , 154.00 , 8187.40 , 45.00 , 105.00 , 0.94
74.95 , 2659 , 42 , 153.00 , 7168.05 , 45.00 , 105.00 , 0.94
74.33 , 2864 , 42 , 153.00 , 8011.43 , 45.00 , 105.00 , 0.94
74.33 , 2794 , 42 , 153.00 , 7669.27 , 45.00 , 105.00 , 0.94
74.02 , 2771 , 42 , 153.00 , 7556.85 , 44.00 , 105.00 , 0.94
73.71 , 2746 , 42 , 152.00 , 7434.65 , 44.00 , 105.00 , 0.94
73.71 , 2748 , 42 , 152.00 , 7444.42 , 43.00 , 105.00 , 0.94
71.53 , 2893 , 42 , 153.00 , 8153.18 , 42.00 , 105.00 , 0.94
69.66 , 2814 , 42 , 153.00 , 7767.03 , 40.00 , 105.00 , 0.94
68.10 , 2765 , 42 , 153.00 , 7527.52 , 40.00 , 105.00 , 0.94
66.85 , 2917 , 42 , 153.00 , 8270.50 , 39.00 , 105.00 , 0.94
66.54 , 2666 , 42 , 151.00 , 7175.18 , 38.00 , 105.00 , 0.94
62.80 , 2859 , 42 , 151.00 , 7800.03 , 36.00 , 105.00 , 0.94
61.55 , 2787 , 42 , 152.00 , 7477.42 , 35.00 , 105.00 , 0.94
58.13 , 2617 , 42 , 152.00 , 7036.89 , 33.00 , 105.00 , 0.94
55.63 , 2670 , 42 , 151.00 , 7069.27 , 31.00 , 105.00 , 0.94
54.07 , 2708 , 42 , 151.00 , 7123.45 , 31.00 , 105.00 , 0.94
52.52 , 2720 , 42 , 152.00 , 7177.21 , 31.00 , 105.00 , 0.94
51.58 , 2593 , 42 , 152.00 , 7022.22 , 30.00 , 105.00 , 0.94
51.58 , 2522 , 42 , 152.00 , 6978.84 , 29.00 , 105.00 , 0.94
50.34 , 2628 , 42 , 152.00 , 7043.61 , 29.00 , 105.00 , 0.94
49.40 , 2542 , 42 , 161.00 , 6167.84 , 28.00 , 105.00 , 0.94
50.65 , 2385 , 42 , 161.00 , 6895.13 , 28.00 , 105.00 , 0.94
48.78 , 2546 , 42 , 167.00 , 6169.47 , 28.00 , 105.00 , 0.94
49.09 , 2388 , 42 , 167.00 , 6105.11 , 28.00 , 105.00 , 0.94
48.15 , 2424 , 42 , 169.00 , 6119.78 , 28.00 , 105.00 , 0.94
49.09 , 2335 , 42 , 169.00 , 6083.52 , 28.00 , 105.00 , 0.94
50.02 , 2287 , 42 , 170.00 , 6835.26 , 28.00 , 105.00 , 0.94
51.58 , 2268 , 42 , 170.00 , 6823.65 , 28.00 , 105.00 , 0.94
50.96 , 2299 , 42 , 169.00 , 6842.59 , 28.00 , 105.00 , 0.94
51.89 , 2275 , 42 , 169.00 , 6827.92 , 28.00 , 105.00 , 0.94
53.45 , 2200 , 42 , 170.00 , 6782.10 , 30.00 , 105.00 , 0.94
55.94 , 2168 , 42 , 170.00 , 6762.55 , 31.00 , 105.00 , 0.94
57.19 , 2241 , 42 , 157.00 , 6807.15 , 31.00 , 105.00 , 0.94
60.00 , 2096 , 42 , 157.00 , 6718.56 , 32.00 , 105.00 , 0.94
60.00 , 2206 , 42 , 155.00 , 6785.77 , 32.00 , 105.00 , 0.94
61.24 , 2272 , 42 , 155.00 , 6826.09 , 34.00 , 105.00 , 0.94
63.73 , 2195 , 42 , 152.00 , 6779.04 , 35.00 , 105.00 , 0.94
65.60 , 2163 , 42 , 152.00 , 6662.95 , 35.00 , 105.00 , 0.94
65.60 , 2244 , 42 , 152.00 , 6745.44 , 35.00 , 105.00 , 0.94
66.23 , 2291 , 42 , 152.00 , 6793.30 , 36.00 , 105.00 , 0.94
66.54 , 2261 , 42 , 152.00 , 6762.75 , 36.00 , 105.00 , 0.94
67.47 , 2301 , 42 , 152.00 , 6803.48 , 37.00 , 105.00 , 0.94
68.10 , 2374 , 42 , 152.00 , 6877.82 , 38.00 , 105.00 , 0.94
69.97 , 2308 , 42 , 152.00 , 6810.61 , 38.00 , 105.00 , 0.94
69.97 , 2385 , 42 , 153.00 , 6889.02 , 39.00 , 105.00 , 0.94
70.28 , 2427 , 42 , 153.00 , 6931.79 , 39.00 , 105.00 , 0.94
69.97 , 2444 , 42 , 154.00 , 6949.11 , 40.00 , 105.00 , 0.94
70.90 , 2456 , 42 , 154.00 , 6961.33 , 40.00 , 105.00 , 0.94
70.28 , 2458 , 42 , 154.00 , 6963.36 , 41.00 , 105.00 , 0.94
71.84 , 2463 , 42 , 154.00 , 6968.45 , 41.00 , 105.00 , 0.94
71.84 , 2464 , 42 , 154.00 , 6969.47 , 41.00 , 105.00 , 0.94
73.08 , 2472 , 42 , 154.00 , 6977.62 , 41.00 , 105.00 , 0.94
72.15 , 2596 , 42 , 154.00 , 7103.89 , 41.00 , 105.00 , 0.94
73.08 , 2537 , 42 , 154.00 , 7043.81 , 42.00 , 105.00 , 0.94
71.21 , 2630 , 42 , 153.00 , 7138.52 , 42.00 , 105.00 , 0.94
72.46 , 2555 , 42 , 153.00 , 7062.14 , 42.00 , 105.00 , 0.94
71.84 , 2642 , 42 , 153.00 , 7150.74 , 42.00 , 105.00 , 0.94
72.15 , 2699 , 42 , 153.00 , 7208.78 , 42.00 , 105.00 , 0.94
73.40 , 2577 , 42 , 154.00 , 7084.54 , 43.00 , 105.00 , 0.94
74.33 , 2656 , 42 , 154.00 , 7164.99 , 43.00 , 105.00 , 0.94
74.33 , 2696 , 42 , 153.00 , 7205.73 , 43.00 , 105.00 , 0.94
74.33 , 2724 , 42 , 153.00 , 7327.11 , 43.00 , 105.00 , 0.94
74.33 , 2726 , 42 , 153.00 , 7336.89 , 44.00 , 105.00 , 0.94
74.64 , 2733 , 42 , 153.00 , 7371.10 , 44.00 , 105.00 , 0.94
74.64 , 2729 , 42 , 154.00 , 7351.55 , 44.00 , 105.00 , 0.94
74.33 , 2739 , 42 , 154.00 , 7400.43 , 44.00 , 105.00 , 0.94
74.33 , 2734 , 42 , 153.00 , 7375.99 , 44.00 , 105.00 , 0.94
75.26 , 2739 , 42 , 153.00 , 7400.43 , 44.00 , 105.00 , 0.94
75.26 , 2735 , 42 , 153.00 , 7380.88 , 44.00 , 105.00 , 0.94
75.58 , 2740 , 42 , 153.00 , 7405.32 , 44.00 , 105.00 , 0.94
75.26 , 2734 , 42 , 154.00 , 7375.99 , 44.00 , 105.00 , 0.94
76.20 , 2741 , 42 , 154.00 , 7410.21 , 44.00 , 105.00 , 0.94
76.20 , 2735 , 42 , 153.00 , 7380.88 , 44.00 , 105.00 , 0.94
76.82 , 2742 , 42 , 153.00 , 7415.10 , 44.00 , 105.00 , 0.94
75.89 , 2895 , 42 , 153.00 , 8162.96 , 44.00 , 105.00 , 0.94
77.13 , 2669 , 42 , 153.00 , 7178.23 , 44.00 , 105.00 , 0.94
76.20 , 2856 , 42 , 153.00 , 7972.33 , 44.00 , 105.00 , 0.94
75.89 , 2798 , 42 , 153.00 , 7688.82 , 44.00 , 105.00 , 0.94
75.58 , 2761 , 42 , 153.00 , 7507.97 , 44.00 , 105.00 , 0.94
75.58 , 2752 , 42 , 153.00 , 7463.98 , 43.00 , 105.00 , 0.94
73.71 , 2895 , 42 , 153.00 , 8162.96 , 42.00 , 105.00 , 0.94
71.84 , 2813 , 42 , 153.00 , 7762.14 , 41.00 , 105.00 , 0.94
70.90 , 2765 , 42 , 153.00 , 7527.52 , 40.00 , 105.00 , 0.94
70.28 , 2751 , 42 , 153.00 , 7459.09 , 38.00 , 105.00 , 0.94
66.23 , 2895 , 42 , 153.00 , 8162.96 , 36.00 , 105.00 , 0.94
63.73 , 2664 , 42 , 153.00 , 7065.60 , 34.00 , 105.00 , 0.94
60.62 , 2850 , 42 , 153.00 , 7759.70 , 33.00 , 105.00 , 0.94
58.13 , 2647 , 42 , 153.00 , 7055.22 , 32.00 , 105.00 , 0.94
55.63 , 2686 , 42 , 153.00 , 7079.05 , 31.00 , 105.00 , 0.94
54.70 , 2715 , 42 , 153.00 , 7154.81 , 30.00 , 105.00 , 0.94
51.58 , 2581 , 42 , 162.00 , 7014.89 , 28.00 , 105.00 , 0.94
49.40 , 2659 , 42 , 162.00 , 6215.50 , 27.00 , 105.00 , 0.94
47.53 , 2555 , 42 , 155.00 , 6173.14 , 27.00 , 105.00 , 0.94
46.91 , 2514 , 42 , 155.00 , 6156.44 , 27.00 , 105.00 , 0.94
46.28 , 2489 , 42 , 161.00 , 6146.25 , 26.00 , 105.00 , 0.94
46.91 , 2362 , 42 , 161.00 , 6094.52 , 26.00 , 105.00 , 0.94
45.35 , 2535 , 42 , 167.00 , 6164.99 , 26.00 , 105.00 , 0.94
47.22 , 2275 , 42 , 167.00 , 6059.08 , 26.00 , 105.00 , 0.94
46.28 , 2415 , 42 , 170.00 , 6116.11 , 26.00 , 105.00 , 0.94
48.15 , 2228 , 42 , 170.00 , 6039.94 , 26.00 , 105.00 , 0.94
47.84 , 2277 , 42 , 173.00 , 6059.90 , 26.00 , 105.00 , 0.94
48.47 , 2206 , 42 , 173.00 , 6030.98 , 26.00 , 105.00 , 0.94
48.47 , 2265 , 42 , 158.00 , 6055.01 , 27.00 , 105.00 , 0.94
50.65 , 2109 , 42 , 158.00 , 6726.50 , 27.00 , 105.00 , 0.94
50.34 , 2218 , 42 , 165.00 , 6793.10 , 27.00 , 105.00 , 0.94
51.58 , 2086 , 42 , 165.00 , 6712.45 , 28.00 , 105.00 , 0.94
54.39 , 2108 , 42 , 155.00 , 6725.89 , 30.00 , 105.00 , 0.94
60.93 , 2032 , 42 , 155.00 , 6679.45 , 32.00 , 105.00 , 0.94
62.49 , 2079 , 42 , 154.00 , 6708.17 , 32.00 , 105.00 , 0.94
64.05 , 2108 , 42 , 154.00 , 6725.89 , 33.00 , 105.00 , 0.94
65.60 , 2115 , 42 , 152.00 , 6614.08 , 35.00 , 105.00 , 0.94
67.47 , 2122 , 42 , 152.00 , 6621.20 , 35.00 , 105.00 , 0.94
68.72 , 2221 , 42 , 152.00 , 6722.02 , 37.00 , 105.00 , 0.94
70.28 , 2175 , 42 , 152.00 , 6675.17 , 37.00 , 105.00 , 0.94
69.66 , 2249 , 42 , 155.00 , 6750.53 , 38.00 , 105.00 , 0.94
72.15 , 2192 , 42 , 155.00 , 6692.49 , 38.00 , 105.00 , 0.94
70.59 , 2365 , 42 , 155.00 , 6868.66 , 38.00 , 105.00 , 0.94
71.84 , 2204 , 42 , 155.00 , 6704.71 , 39.00 , 105.00 , 0.94
71.21 , 2371 , 42 , 155.00 , 6874.77 , 39.00 , 105.00 , 0.94
72.77 , 2309 , 42 , 155.00 , 6811.63 , 40.00 , 105.00 , 0.94
72.77 , 2379 , 42 , 156.00 , 6882.91 , 40.00 , 105.00 , 0.94
73.08 , 2428 , 42 , 156.00 , 6932.81 , 40.00 , 105.00 , 0.94
72.46 , 2444 , 42 , 155.00 , 6949.11 , 41.00 , 105.00 , 0.94
74.33 , 2343 , 42 , 155.00 , 6846.25 , 41.00 , 105.00 , 0.94
73.71 , 2524 , 42 , 156.00 , 7030.57 , 42.00 , 105.00 , 0.94
73.71 , 2495 , 42 , 156.00 , 7001.04 , 42.00 , 105.00 , 0.94
74.33 , 2477 , 42 , 157.00 , 6982.71 , 42.00 , 105.00 , 0.94
75.58 , 2477 , 42 , 157.00 , 6982.71 , 43.00 , 105.00 , 0.94
74.64 , 2596 , 42 , 156.00 , 7103.89 , 43.00 , 105.00 , 0.94
75.58 , 2538 , 42 , 156.00 , 7044.83 , 43.00 , 105.00 , 0.94
75.26 , 2635 , 42 , 156.00 , 7143.61 , 44.00 , 105.00 , 0.94
76.51 , 2552 , 42 , 156.00 , 7059.09 , 44.00 , 105.00 , 0.94
76.82 , 2641 , 42 , 154.00 , 7149.72 , 45.00 , 105.00 , 0.94
77.45 , 2691 , 42 , 154.00 , 7200.64 , 46.00 , 105.00 , 0.94
76.82 , 2710 , 42 , 155.00 , 7258.68 , 46.00 , 105.00 , 0.94
78.38 , 2588 , 42 , 155.00 , 7095.75 , 46.00 , 105.00 , 0.94
76.82 , 2809 , 42 , 155.00 , 7742.59 , 47.00 , 105.00 , 0.94
78.38 , 2626 , 42 , 155.00 , 7134.44 , 47.00 , 105.00 , 0.94
79.32 , 2680 , 42 , 154.00 , 7189.43 , 48.00 , 105.00 , 0.94
79.00 , 2869 , 42 , 154.00 , 8035.87 , 48.00 , 105.00 , 0.94
79.32 , 2646 , 42 , 155.00 , 7154.81 , 48.00 , 105.00 , 0.94
79.32 , 2856 , 42 , 155.00 , 7972.33 , 48.00 , 105.00 , 0.94
79.94 , 2643 , 42 , 154.00 , 7151.75 , 48.00 , 105.00 , 0.94
79.94 , 2853 , 42 , 154.00 , 7957.66 , 48.00 , 105.00 , 0.94
79.94 , 2789 , 42 , 154.00 , 7644.83 , 48.00 , 105.00 , 0.94
80.25 , 2770 , 42 , 154.00 , 7767.85 , 48.00 , 105.00 , 0.94
79.94 , 2747 , 42 , 154.00 , 7439.54 , 48.00 , 105.00 , 0.94
79.63 , 2911 , 42 , 154.00 , 8241.17 , 48.00 , 105.00 , 0.94
79.32 , 2815 , 42 , 154.00 , 7771.92 , 48.00 , 105.00 , 0.94
79.63 , 2783 , 42 , 154.00 , 7615.50 , 48.00 , 105.00 , 0.94
79.32 , 2917 , 42 , 153.00 , 8270.50 , 48.00 , 105.00 , 0.94
80.25 , 2832 , 42 , 153.00 , 8045.65 , 48.00 , 105.00 , 0.94
80.25 , 2779 , 42 , 154.00 , 7808.17 , 48.00 , 105.00 , 0.94
81.19 , 2761 , 42 , 154.00 , 7727.52 , 48.00 , 105.00 , 0.94
80.25 , 2904 , 42 , 154.00 , 8368.26 , 48.00 , 105.00 , 0.94
80.56 , 2823 , 42 , 154.00 , 8005.32 , 48.00 , 105.00 , 0.94
80.25 , 2939 , 42 , 154.00 , 8525.08 , 48.00 , 105.00 , 0.94
81.19 , 2841 , 42 , 154.00 , 8085.97 , 48.00 , 105.00 , 0.94
80.25 , 2949 , 42 , 152.00 , 8569.89 , 48.00 , 105.00 , 0.94
80.87 , 2844 , 42 , 152.00 , 8099.42 , 48.00 , 105.00 , 0.94
80.87 , 2950 , 42 , 152.00 , 8574.37 , 48.00 , 105.00 , 0.94
80.25 , 3021 , 42 , 152.00 , 8892.49 , 48.00 , 105.00 , 0.94
79.94 , 2865 , 42 , 153.00 , 8016.32 , 48.00 , 105.00 , 0.94
81.81 , 2805 , 42 , 153.00 , 7924.67 , 48.00 , 105.00 , 0.94
81.81 , 2931 , 42 , 152.00 , 8489.23 , 48.00 , 105.00 , 0.94
80.87 , 3009 , 42 , 152.00 , 8838.73 , 47.00 , 105.00 , 0.94
80.56 , 2859 , 42 , 153.00 , 8166.63 , 47.00 , 105.00 , 0.94
81.50 , 2803 , 42 , 153.00 , 7915.71 , 47.00 , 105.00 , 0.94
80.87 , 2928 , 42 , 154.00 , 8475.79 , 48.00 , 105.00 , 0.94
81.19 , 2828 , 42 , 154.00 , 8027.72 , 47.00 , 105.00 , 0.94
79.32 , 2937 , 42 , 154.00 , 8368.26 , 46.00 , 105.00 , 0.94
80.25 , 2834 , 42 , 154.00 , 8054.61 , 46.00 , 105.00 , 0.94
78.69 , 2946 , 42 , 153.00 , 8412.25 , 45.00 , 105.00 , 0.94
77.45 , 2840 , 42 , 153.00 , 7894.12 , 43.00 , 105.00 , 0.94
75.58 , 2942 , 42 , 154.00 , 8392.70 , 42.00 , 105.00 , 0.94
76.20 , 2836 , 42 , 154.00 , 7874.57 , 42.00 , 105.00 , 0.94
72.77 , 2946 , 42 , 155.00 , 8412.25 , 40.00 , 105.00 , 0.94
68.10 , 3014 , 42 , 155.00 , 8744.63 , 38.00 , 105.00 , 0.94
66.54 , 2859 , 42 , 154.00 , 7986.99 , 37.00 , 105.00 , 0.94
66.85 , 2797 , 42 , 154.00 , 7683.94 , 36.00 , 105.00 , 0.94
64.67 , 2919 , 42 , 154.00 , 8068.87 , 35.00 , 105.00 , 0.94
63.73 , 2826 , 42 , 154.00 , 7652.16 , 35.00 , 105.00 , 0.94
61.87 , 2775 , 42 , 162.00 , 7423.65 , 34.00 , 105.00 , 0.94
60.00 , 2757 , 42 , 162.00 , 7343.00 , 32.00 , 105.00 , 0.94
56.26 , 2898 , 42 , 169.00 , 7974.77 , 31.00 , 105.00 , 0.94
56.57 , 2665 , 42 , 169.00 , 7066.21 , 31.00 , 105.00 , 0.94
55.32 , 2699 , 42 , 171.00 , 7086.99 , 31.00 , 105.00 , 0.94
55.01 , 2723 , 42 , 171.00 , 7190.65 , 30.00 , 105.00 , 0.94
52.52 , 2579 , 42 , 173.00 , 7013.67 , 29.00 , 105.00 , 0.94
51.58 , 2660 , 42 , 173.00 , 7063.16 , 29.00 , 105.00 , 0.94
50.02 , 2695 , 42 , 157.00 , 7084.54 , 29.00 , 105.00 , 0.94
50.34 , 2578 , 42 , 157.00 , 7013.06 , 28.00 , 105.00 , 0.94
50.02 , 2518 , 42 , 165.00 , 6976.40 , 28.00 , 105.00 , 0.94
48.78 , 2496 , 42 , 165.00 , 6149.10 , 27.00 , 105.00 , 0.94
48.47 , 2474 , 42 , 157.00 , 6140.14 , 27.00 , 105.00 , 0.94
48.15 , 2476 , 42 , 157.00 , 6140.96 , 27.00 , 105.00 , 0.94
46.60 , 2466 , 42 , 163.00 , 6136.88 , 27.00 , 105.00 , 0.94
46.91 , 2470 , 42 , 163.00 , 6138.51 , 27.00 , 105.00 , 0.94
47.22 , 2347 , 42 , 167.00 , 6088.41 , 27.00 , 105.00 , 0.94
49.40 , 2296 , 42 , 167.00 , 6067.64 , 27.00 , 105.00 , 0.94
51.58 , 2266 , 42 , 171.00 , 6822.43 , 29.00 , 105.00 , 0.94
54.07 , 2298 , 42 , 171.00 , 6841.98 , 29.00 , 105.00 , 0.94
56.26 , 2168 , 42 , 157.00 , 6762.55 , 30.00 , 105.00 , 0.94
57.50 , 2248 , 42 , 157.00 , 6811.43 , 31.00 , 105.00 , 0.94
58.75 , 2284 , 42 , 154.00 , 6833.42 , 32.00 , 105.00 , 0.94
60.62 , 2205 , 42 , 154.00 , 6785.15 , 32.00 , 105.00 , 0.94
61.55 , 2265 , 42 , 152.00 , 6821.81 , 33.00 , 105.00 , 0.94
61.55 , 2299 , 42 , 152.00 , 6842.59 , 33.00 , 105.00 , 0.94
63.42 , 2266 , 42 , 152.00 , 6822.43 , 35.00 , 105.00 , 0.94
65.60 , 2300 , 42 , 152.00 , 6802.47 , 35.00 , 105.00 , 0.94
68.72 , 2267 , 42 , 154.00 , 6768.86 , 38.00 , 105.00 , 0.94
70.90 , 2302 , 42 , 154.00 , 6804.50 , 38.00 , 105.00 , 0.94
70.59 , 2379 , 42 , 153.00 , 6882.91 , 39.00 , 105.00 , 0.94
73.40 , 2310 , 42 , 153.00 , 6812.65 , 40.00 , 105.00 , 0.94
74.02 , 2380 , 42 , 155.00 , 6883.93 , 41.00 , 105.00 , 0.94
74.95 , 2422 , 42 , 155.00 , 6926.70 , 41.00 , 105.00 , 0.94
74.95 , 2440 , 42 , 155.00 , 6945.03 , 42.00 , 105.00 , 0.94
75.26 , 2455 , 42 , 155.00 , 6960.31 , 42.00 , 105.00 , 0.94
75.89 , 2456 , 42 , 157.00 , 6961.33 , 43.00 , 105.00 , 0.94
75.26 , 2593 , 42 , 157.00 , 7100.84 , 43.00 , 105.00 , 0.94
75.26 , 2525 , 42 , 157.00 , 7031.59 , 44.00 , 105.00 , 0.94
76.20 , 2498 , 42 , 157.00 , 7004.10 , 44.00 , 105.00 , 0.94
76.20 , 2611 , 42 , 156.00 , 7119.17 , 45.00 , 105.00 , 0.94
77.45 , 2538 , 42 , 156.00 , 7044.83 , 45.00 , 105.00 , 0.94
77.45 , 2633 , 42 , 154.00 , 7141.57 , 46.00 , 105.00 , 0.94
79.00 , 2548 , 42 , 154.00 , 7055.01 , 47.00 , 105.00 , 0.94
79.00 , 2632 , 42 , 155.00 , 7140.55 , 48.00 , 105.00 , 0.94
79.32 , 2687 , 42 , 155.00 , 7196.56 , 48.00 , 105.00 , 0.94
78.69 , 2710 , 42 , 155.00 , 7258.68 , 48.00 , 105.00 , 0.94
80.56 , 2590 , 42 , 155.00 , 7319.78 , 48.00 , 105.00 , 0.94
79.63 , 2808 , 42 , 156.00 , 7737.70 , 48.00 , 105.00 , 0.94
79.94 , 2776 , 42 , 156.00 , 7581.29 , 49.00 , 105.00 , 0.94
79.63 , 2748 , 42 , 155.00 , 7444.42 , 49.00 , 105.00 , 0.94
79.94 , 2746 , 42 , 155.00 , 7434.65 , 49.00 , 105.00 , 0.94
80.25 , 2736 , 42 , 155.00 , 7615.50 , 49.00 , 105.00 , 0.94
81.19 , 2741 , 42 , 155.00 , 7637.91 , 49.00 , 105.00 , 0.94
81.50 , 2735 , 42 , 156.00 , 7611.02 , 50.00 , 105.00 , 0.94
81.50 , 2737 , 42 , 156.00 , 7619.98 , 50.00 , 105.00 , 0.94
81.50 , 2730 , 42 , 168.00 , 7588.62 , 51.00 , 105.00 , 0.94
81.81 , 2591 , 42 , 168.00 , 7321.00 , 51.00 , 105.00 , 0.94
81.19 , 2656 , 42 , 174.00 , 7400.43 , 52.00 , 105.00 , 0.94
82.74 , 2556 , 42 , 174.00 , 7278.23 , 52.00 , 105.00 , 0.94
82.12 , 2790 , 42 , 170.00 , 7857.46 , 53.00 , 105.00 , 0.94
83.99 , 2616 , 42 , 170.00 , 7351.55 , 54.00 , 105.00 , 0.94
83.37 , 2819 , 42 , 159.00 , 7987.40 , 54.00 , 105.00 , 0.94
83.37 , 2784 , 42 , 159.00 , 7830.58 , 54.00 , 105.00 , 0.94
83.37 , 2754 , 42 , 156.00 , 7696.16 , 54.00 , 105.00 , 0.94
83.99 , 2751 , 42 , 156.00 , 7682.71 , 53.00 , 105.00 , 0.94
83.37 , 2735 , 42 , 157.00 , 7611.02 , 53.00 , 105.00 , 0.94
84.30 , 2741 , 42 , 157.00 , 7637.91 , 52.00 , 105.00 , 0.94
83.06 , 2888 , 42 , 156.00 , 8296.57 , 52.00 , 105.00 , 0.94
83.37 , 2815 , 42 , 156.00 , 7969.48 , 50.00 , 105.00 , 0.94
82.12 , 2767 , 42 , 156.00 , 7754.40 , 49.00 , 105.00 , 0.94
83.06 , 2753 , 42 , 156.00 , 7691.68 , 48.00 , 105.00 , 0.94
81.81 , 2897 , 42 , 156.00 , 8336.89 , 48.00 , 105.00 , 0.94
81.81 , 2821 , 42 , 156.00 , 7996.36 , 48.00 , 105.00 , 0.94
80.56 , 2939 , 42 , 154.00 , 8525.08 , 48.00 , 105.00 , 0.94
81.81 , 2840 , 42 , 154.00 , 8081.49 , 48.00 , 105.00 , 0.94
81.50 , 2782 , 42 , 154.00 , 7821.62 , 47.00 , 105.00 , 0.94
80.87 , 2922 , 42 , 154.00 , 8448.91 , 47.00 , 105.00 , 0.94
81.19 , 2820 , 42 , 154.00 , 7991.88 , 47.00 , 105.00 , 0.94
81.50 , 2950 , 42 , 154.00 , 8574.37 , 48.00 , 105.00 , 0.94
81.81 , 2835 , 42 , 153.00 , 8059.09 , 47.00 , 105.00 , 0.94
82.43 , 2953 , 42 , 153.00 , 8587.81 , 48.00 , 105.00 , 0.94
82.12 , 2832 , 42 , 153.00 , 8045.65 , 48.00 , 105.00 , 0.94
82.43 , 2955 , 42 , 153.00 , 8596.77 , 48.00 , 105.00 , 0.94
83.06 , 2838 , 42 , 153.00 , 8072.53 , 49.00 , 105.00 , 0.94
84.93 , 2788 , 42 , 153.00 , 7848.50 , 51.00 , 105.00 , 0.94
84.93 , 2916 , 42 , 154.00 , 8422.02 , 52.00 , 105.00 , 0.94
85.86 , 2823 , 42 , 154.00 , 8005.32 , 52.00 , 105.00 , 0.94
84.93 , 2940 , 42 , 153.00 , 8529.56 , 52.00 , 105.00 , 0.94
85.86 , 2841 , 42 , 153.00 , 8085.97 , 52.00 , 105.00 , 0.94
85.86 , 2949 , 42 , 153.00 , 8569.89 , 52.00 , 105.00 , 0.94
84.61 , 3020 , 42 , 153.00 , 8888.01 , 53.00 , 105.00 , 0.94
85.24 , 2862 , 42 , 154.00 , 8180.07 , 52.00 , 105.00 , 0.94
84.93 , 2967 , 42 , 154.00 , 8650.54 , 52.00 , 105.00 , 0.94
84.61 , 3016 , 42 , 154.00 , 8870.09 , 52.00 , 105.00 , 0.94
86.17 , 2875 , 42 , 154.00 , 8238.32 , 53.00 , 105.00 , 0.94
85.55 , 2965 , 42 , 153.00 , 8641.58 , 52.00 , 105.00 , 0.94
84.93 , 3023 , 42 , 153.00 , 8901.45 , 52.00 , 105.00 , 0.94
86.48 , 2869 , 42 , 153.00 , 8211.43 , 53.00 , 105.00 , 0.94
87.11 , 2970 , 42 , 153.00 , 8663.98 , 53.00 , 105.00 , 0.94
86.79 , 3018 , 42 , 153.00 , 8879.05 , 53.00 , 105.00 , 0.94
86.79 , 3055 , 42 , 153.00 , 9044.84 , 53.00 , 105.00 , 0.94
85.86 , 3059 , 42 , 153.00 , 9062.76 , 53.00 , 105.00 , 0.94
86.17 , 2890 , 42 , 153.00 , 8305.53 , 51.00 , 105.00 , 0.94
84.93 , 1542 , 42 , 152.00 , 6266.42 , 51.00 , 105.00 , 0.94
84.30 , 1488 , 42 , 152.00 , 6224.87 , 49.00 , 105.00 , 0.94
85.24 , 1460 , 42 , 152.00 , 6207.76 , 48.00 , 105.00 , 0.94
83.99 , 1533 , 42 , 152.00 , 6259.08 , 48.00 , 105.00 , 0.94
85.24 , 1482 , 42 , 162.00 , 6221.20 , 48.00 , 105.00 , 0.94
86.17 , 1461 , 42 , 162.00 , 6208.37 , 45.00 , 105.00 , 0.94
81.19 , 1447 , 42 , 161.00 , 6199.82 , 43.00 , 105.00 , 0.94
77.45 , 1405 , 42 , 161.00 , 6145.13 , 40.00 , 105.00 , 0.94
71.53 , 1381 , 42 , 172.00 , 6123.14 , 36.00 , 105.00 , 0.94
68.41 , 1338 , 42 , 172.00 , 6083.73 , 35.00 , 105.00 , 0.94
65.60 , 1282 , 42 , 184.00 , 6032.40 , 34.00 , 105.00 , 0.94
63.42 , 1258 , 42 , 184.00 , 6058.68 , 33.00 , 105.00 , 0.94
63.73 , 1215 , 42 , 189.00 , 6006.13 , 33.00 , 105.00 , 0.94
67.47 , 1170 , 42 , 189.00 , 5929.75 , 33.00 , 105.00 , 0.94
70.28 , 1125 , 42 , 190.00 , 5888.51 , 35.00 , 105.00 , 0.94
75.58 , 1080 , 42 , 190.00 , 5847.27 , 37.00 , 105.00 , 0.94
80.87 , 1059 , 42 , 190.00 , 5937.70 , 42.00 , 105.00 , 0.94
84.30 , 989 , 42 , 190.00 , 5852.16 , 44.00 , 105.00 , 0.94
86.48 , 941 , 42 , 190.00 , 5793.50 , 47.00 , 105.00 , 0.94
86.48 , 903 , 42 , 190.00 , 5747.07 , 48.00 , 105.00 , 0.94
87.11 , 843 , 42 , 190.00 , 5673.75 , 48.00 , 105.00 , 0.94
86.48 , 804 , 42 , 190.00 , 5626.09 , 48.00 , 105.00 , 0.94
86.17 , 741 , 42 , 190.00 , 5519.59 , 48.00 , 105.00 , 0.93
87.11 , 677 , 42 , 190.00 , 5441.79 , 48.00 , 105.00 , 0.93
86.17 , 617 , 42 , 190.00 , 5397.57 , 44.00 , 105.00 , 0.94
72.15 , 531 , 42 , 190.00 , 5344.11 , 22.00 , 105.00 , 0.94
60.62 , 439 , 42 , 190.00 , 5231.82 , 17.00 , 105.00 , 0.93
64.67 , 682 , 42 , 190.00 , 5453.34 , 17.00 , 105.00 , 0.93
74.64 , 491 , 42 , 190.00 , 5307.45 , 17.00 , 105.00 , 0.94
80.25 , 381 , 42 , 190.00 , 24626.26 , 17.00 , 105.00 , 0.94

